1390942171 684
1390942199 700
1390943106 707
1391351451 707
1391351799 711
1391351954 711
1391352652 711
1391357969 884
1391366787 884
1391436650 884
1391436703 1335
1391444058 1396
1391538864 1396
1391538922 1397
1391539038 1397
1391541969 1427
1391867254 1430
1391867317 1514
1392511563 2440
1392592322 2464
1392594147 2482
1393779080 2482
1393779426 1609
1393784514 1559
1393784663 1626
1393784712 1662
1393786068 1678
1393789654 1680
1393789775 1815
1393791681 1973
1393791715 1985
1393792270 1983
1393792584 1993
1393796815 2074
1393796824 2077
1393797396 2079
1393802804 2124
1393802813 2171
1393873125 2128
1393875002 2135
1393875351 2140
1394487755 1874
1394487965 1876
1394488276 1829
1394491999 1859
1394492056 1836
1394492604 1841
1394824517 1846
1394825212 1846
1394869736 1895
1394869889 1843
1396368172 1630
1396373086 2912
1396373169 2919
1396373320 2933
1396373348 2935
1396373429 3043
1396373565 3416
1396374111 3431
1396374176 3431
1396374407 1765
1396378025 2015
1396378672 2381
1396378725 2572
1396381266 2880
1396382873 3199
1396382912 3207
1396383211 3214
1396385040 3276
1396385502 3284
1396385566 3284
1396385753 4500
1396385903 4522
1396387800 5320
1396387811 5454
1396945233 5455
1396945475 5454
1398103697 5454
1398113873 5816
1399366430 5691
1399369018 5684
1399549816 5689
1399550028 5703
1399554859 5784
1399558226 5822
1399558429 6038
1399558977 6048
1399559501 6101
1399560975 6146
1399562581 6027
1399562753 6019
1399562846 6019
1399565326 6231
1399565796 6262
1399577266 6262
1399581942 6412
1399582745 6415
1399583222 6446
1400007807 6446
1400013251 6754
1400609244 6836
1400610750 6991
1400615342 7114
1400621170 7135
1401030191 7294
1401035300 7539
1401052001 7539
1401053845 7342
1401054462 7297
1401054915 7301
1401055060 7302
1401132890 7309
1401135519 7358
1401180215 7356
1401182853 7367
1401183020 7411
1401183243 7415
1401223276 7495
1401268491 7497
1401295182 7520
1401569461 7546
1401569491 7840
1401569636 7883
1401570176 7884
1401613283 7892
1401613552 7886
1401613868 7892
1401614166 7901
1401615516 7901
1401625501 7966
1401650670 7961
1401650700 8225
1401650959 8227
1401651241 9642
1401654900 9661
1401656697 9698
1401657059 8460
1401657140 9371
1401657310 9372
1401733398 9377
1401739035 9377
1401740407 9386
1401785917 9402
1401786339 9424
1401872852 9443
1401873797 9473
1401904301 9510
1401906826 9514
1401909775 9678
1401991544 9690
1401991968 9677
1401992098 9696
1401993556 9729
1401993877 9716
1401997985 9407
